1	0.01	
2	0.00	
3	0.01	
4	0.02	
5	0.01	
6	0.01	
7	0.02	
8	0.03	
9	0.02	
10	0.03	
11	0.02	
12	0.03	
13	0.04	
14	0.04	
15	0.04	
16	0.04	
17	0.05	
18	0.04	
19	0.06	
20	0.05	
21	0.06	
22	0.05	
23	0.07	
24	0.06	
25	0.07	
26	0.07	
27	0.07	
28	0.08	
29	0.07	
30	0.08	
31	0.10	
32	0.08	
33	0.09	
34	0.09	
35	0.09	
36	0.09	
37	0.11	
38	0.10	
39	0.10	
40	0.12	
41	0.11	
42	0.11	
43	0.11	
44	0.12	
45	0.13	
46	0.14	
47	0.13	
48	0.13	
49	0.13	
50	0.15	
51	0.14	
52	0.14	
53	0.14	
54	0.15	
55	0.15	
56	0.16	
57	0.16	
58	0.16	
59	0.16	
60	0.17	
61	0.18	
62	0.17	
63	0.17	
64	0.18	
65	0.18	
66	0.19	
67	0.19	
68	0.18	
69	0.21	
70	0.20	
71	0.20	
72	0.21	
73	0.21	
74	0.20	
75	0.23	
76	0.22	
77	0.22	
78	0.22	
79	0.22	
80	0.22	
81	0.22	
82	0.24	
83	0.24	
84	0.23	
85	0.25	
86	0.26	
87	0.27	
88	0.25	
89	0.26	
90	0.26	
91	0.25	
92	0.26	
93	0.27	
94	0.27	
95	0.27	
96	0.27	
97	0.32	
98	0.29	
99	0.29	
100	0.28
