1	0.00	
2	0.02	
3	0.02	
4	0.02	
5	0.02	
6	0.03	
7	0.02	
8	0.03	
9	0.04	
10	0.04	
11	0.05	
12	0.05	
13	0.05	
14	0.05	
15	0.06	
16	0.06	
17	0.08	
18	0.08	
19	0.08	
20	0.10	
21	0.12	
22	0.12	
23	0.11	
24	0.12	
25	0.13	
26	0.14	
27	0.17	
28	0.19	
29	0.15	
30	0.16	
31	0.16	
32	0.18	
33	0.19	
34	0.19	
35	0.22	
36	0.21	
37	0.23	
38	0.24	
39	0.29	
40	0.28	
41	0.27	
42	0.29	
43	0.31	
44	0.31	
45	0.34	
46	0.35	
47	0.36	
48	0.37	
49	0.38	
50	0.41	
51	0.39	
52	0.40	
53	0.44	
54	0.45	
55	0.44	
56	0.45	
57	0.44	
58	0.53	
59	0.49	
60	0.50	
61	0.56	
62	0.55	
63	0.63	
64	0.56	
65	0.58	
66	0.63	
67	0.64	
68	0.62	
69	0.66	
70	0.72	
71	0.69	
72	0.70	
73	0.76	
74	0.78	
75	0.76	
76	0.80	
77	0.86	
78	0.83	
79	0.86	
80	0.88	
81	0.90	
82	0.98	
83	0.94	
84	1.02	
85	1.01	
86	1.05	
87	1.15	
88	1.14	
89	1.18	
90	1.20	
91	1.31	
92	1.21	
93	1.33	
94	1.34	
95	1.32	
96	1.47	
97	1.42	
98	1.53	
99	1.54	
100	1.58
