1	0.01	
2	0.03	
3	0.03	
4	0.03	
5	0.02	
6	0.02	
7	0.03	
8	0.04	
9	0.03	
10	0.05	
11	0.04	
12	0.05	
13	0.05	
14	0.06	
15	0.06	
16	0.08	
17	0.07	
18	0.07	
19	0.09	
20	0.08	
21	0.10	
22	0.10	
23	0.11	
24	0.13	
25	0.12	
26	0.14	
27	0.18	
28	0.16	
29	0.16	
30	0.16	
31	0.17	
32	0.17	
33	0.19	
34	0.21	
35	0.24	
36	0.22	
37	0.23	
38	0.26	
39	0.27	
40	0.28	
41	0.28	
42	0.30	
43	0.31	
44	0.31	
45	0.33	
46	0.34	
47	0.39	
48	0.34	
49	0.37	
50	0.38	
51	0.39	
52	0.42	
53	0.42	
54	0.45	
55	0.42	
56	0.45	
57	0.48	
58	0.51	
59	0.49	
60	0.51	
61	0.54	
62	0.53	
63	0.56	
64	0.55	
65	0.59	
66	0.58	
67	0.68	
68	0.64	
69	0.63	
70	0.72	
71	0.67	
72	0.74	
73	0.73	
74	0.80	
75	0.79	
76	0.81	
77	0.86	
78	0.82	
79	0.88	
80	0.90	
81	0.90	
82	0.94	
83	0.97	
84	1.02	
85	1.09	
86	1.06	
87	1.09	
88	1.11	
89	1.15	
90	1.18	
91	1.27	
92	1.26	
93	1.27	
94	1.37	
95	1.31	
96	1.38	
97	1.48	
98	1.53	
99	1.50	
100	1.52
