1	0.00	
2	0.00	
3	0.01	
4	0.00	
5	0.01	
6	0.02	
7	0.02	
8	0.02	
9	0.02	
10	0.03	
11	0.03	
12	0.03	
13	0.03	
14	0.04	
15	0.04	
16	0.05	
17	0.04	
18	0.05	
19	0.05	
20	0.05	
21	0.06	
22	0.06	
23	0.05	
24	0.07	
25	0.07	
26	0.07	
27	0.08	
28	0.07	
29	0.08	
30	0.07	
31	0.09	
32	0.08	
33	0.10	
34	0.08	
35	0.10	
36	0.09	
37	0.11	
38	0.10	
39	0.10	
40	0.12	
41	0.11	
42	0.12	
43	0.13	
44	0.12	
45	0.12	
46	0.13	
47	0.13	
48	0.13	
49	0.14	
50	0.14	
51	0.15	
52	0.14	
53	0.14	
54	0.15	
55	0.15	
56	0.15	
57	0.16	
58	0.17	
59	0.15	
60	0.18	
61	0.16	
62	0.18	
63	0.17	
64	0.19	
65	0.18	
66	0.18	
67	0.19	
68	0.19	
69	0.19	
70	0.19	
71	0.23	
72	0.21	
73	0.19	
74	0.21	
75	0.21	
76	0.21	
77	0.21	
78	0.22	
79	0.22	
80	0.22	
81	0.23	
82	0.22	
83	0.24	
84	0.24	
85	0.25	
86	0.25	
87	0.25	
88	0.26	
89	0.25	
90	0.27	
91	0.25	
92	0.28	
93	0.28	
94	0.27	
95	0.26	
96	0.27	
97	0.28	
98	0.28	
99	0.28	
100	0.29
