1	0.00	
2	0.00	
3	0.01	
4	0.00	
5	0.01	
6	0.02	
7	0.02	
8	0.02	
9	0.02	
10	0.04	
11	0.03	
12	0.03	
13	0.02	
14	0.04	
15	0.04	
16	0.05	
17	0.04	
18	0.05	
19	0.06	
20	0.05	
21	0.05	
22	0.06	
23	0.07	
24	0.06	
25	0.06	
26	0.08	
27	0.07	
28	0.07	
29	0.08	
30	0.08	
31	0.08	
32	0.10	
33	0.08	
34	0.09	
35	0.10	
36	0.09	
37	0.11	
38	0.10	
39	0.10	
40	0.11	
41	0.11	
42	0.11	
43	0.12	
44	0.12	
45	0.12	
46	0.12	
47	0.13	
48	0.14	
49	0.14	
50	0.14	
51	0.13	
52	0.15	
53	0.15	
54	0.15	
55	0.15	
56	0.16	
57	0.16	
58	0.15	
59	0.18	
60	0.16	
61	0.19	
62	0.17	
63	0.18	
64	0.18	
65	0.19	
66	0.19	
67	0.19	
68	0.20	
69	0.19	
70	0.21	
71	0.20	
72	0.20	
73	0.21	
74	0.21	
75	0.22	
76	0.21	
77	0.23	
78	0.22	
79	0.23	
80	0.23	
81	0.23	
82	0.23	
83	0.24	
84	0.23	
85	0.25	
86	0.23	
87	0.25	
88	0.25	
89	0.25	
90	0.25	
91	0.26	
92	0.26	
93	0.27	
94	0.28	
95	0.28	
96	0.27	
97	0.27	
98	0.29	
99	0.29	
100	0.29
