1	0.01	
2	0.01	
3	0.01	
4	0.02	
5	0.02	
6	0.02	
7	0.03	
8	0.04	
9	0.03	
10	0.04	
11	0.04	
12	0.05	
13	0.05	
14	0.06	
15	0.06	
16	0.07	
17	0.07	
18	0.08	
19	0.08	
20	0.09	
21	0.11	
22	0.13	
23	0.14	
24	0.15	
25	0.11	
26	0.12	
27	0.13	
28	0.15	
29	0.16	
30	0.17	
31	0.18	
32	0.17	
33	0.19	
34	0.19	
35	0.21	
36	0.23	
37	0.26	
38	0.24	
39	0.25	
40	0.27	
41	0.26	
42	0.30	
43	0.30	
44	0.33	
45	0.35	
46	0.37	
47	0.34	
48	0.38	
49	0.36	
50	0.37	
51	0.38	
52	0.40	
53	0.47	
54	0.45	
55	0.45	
56	0.45	
57	0.50	
58	0.52	
59	0.48	
60	0.50	
61	0.52	
62	0.58	
63	0.56	
64	0.60	
65	0.59	
66	0.60	
67	0.65	
68	0.62	
69	0.63	
70	0.66	
71	0.67	
72	0.69	
73	0.70	
74	0.78	
75	0.76	
76	0.80	
77	0.85	
78	0.82	
79	0.84	
80	0.90	
81	0.89	
82	0.92	
83	0.98	
84	0.97	
85	1.01	
86	1.02	
87	1.09	
88	1.12	
89	1.10	
90	1.15	
91	1.15	
92	1.27	
93	1.23	
94	1.31	
95	1.29	
96	1.41	
97	1.39	
98	1.42	
99	1.49	
100	1.47
